-2.3984  1.6804  1.4827  -2.6543  2.3626  3.245  -0.0175
-2.3984  1.6804  1.4827  -2.6543  2.3626  3.245  -0.0175
-2.3984  1.6804  1.4827  -2.6543  2.3626  3.245  -0.0175
-2.3984  1.6804  1.4827  -2.6543  2.3626  3.245  -0.0175
-2.3984  1.6804  1.4827  -2.6543  2.3626  3.245  -0.0175
-2.3984  1.6804  1.4827  -2.6543  2.3626  3.245  -0.0175
-2.3984  1.6804  1.4827  -2.6543  2.3626  3.245  -0.0175
-2.3984  1.6804  1.4827  -2.6543  2.3626  3.245  -0.0175
-2.3984  1.6804  1.4827  -2.6543  2.3626  3.245  -0.0175
-2.3984  1.6804  1.4827  -2.6543  2.3626  3.245  -0.0175
-2.3984  1.6804  1.4827  -2.6543  2.3626  3.245  -0.0175
